matt.



theres so fucking many secret files im sorry have fun




SUPER SECRET HACK MAN SECRET NEVER FIND

01101000 01110100 01110100 01110000 01110011 00111010 00101111 00101111 01110111 01110111 01110111 00101110 01111001 01101111 01110101 01110100 01110101 01100010 01100101 00101110 01100011 01101111 01101101 00101111 01110111 01100001 01110100 01100011 01101000 00111111 01110110 00111101 01110001 01100001 01001001 01001100 00110110 01110001 01100111 01011010 01100010 00111000 01001101